BE	Int
480	387.24414
479.89999	380.519
479.79999	384.86692
479.70001	385.62515
479.60001	383.94323
479.5	388.30265
479.39999	395.42958
479.29999	386.14136
479.20001	386.21542
479.10001	380.87493
479	389.41807
478.89999	378.57991
478.79999	387.4155
478.70001	393.74948
478.60001	389.86588
478.5	384.65643
478.39999	382.79438
478.29999	389.07188
478.20001	382.14049
478.10001	383.4849
478	389.60323
477.89999	400.96244
477.79999	393.67631
477.70001	394.5877
477.60001	403.82627
477.5	392.59747
477.39999	394.58942
477.29999	395.46514
477.20001	391.61575
477.10001	386.39426
477	391.02459
476.89999	389.21094
476.79999	389.19371
476.70001	401.05924
476.60001	387.78439
476.5	391.18183
476.39999	390.91727
476.29999	387.44494
476.20001	397.96108
476.10001	393.56363
476	396.89949
475.89999	399.30135
475.79999	391.54395
475.70001	393.53612
475.60001	394.31062
475.5	391.01133
475.39999	392.95825
475.29999	387.29852
475.20001	390.62002
475.10001	397.48216
475	394.64828
474.89999	392.23492
474.79999	386.81364
474.70001	392.56173
474.60001	404.58849
474.5	391.6367
474.39999	394.24595
474.29999	398.73606
474.20001	389.7793
474.10001	398.59954
474	398.13992
473.89999	396.63202
473.79999	393.52044
473.70001	397.1653
473.60001	396.03066
473.5	398.95475
473.39999	396.39401
473.29999	394.45004
473.20001	395.54095
473.10001	400.86672
473	390.21358
472.89999	381.1048
472.79999	394.07802
472.70001	397.86732
472.60001	393.28039
472.5	396.52908
472.39999	395.12238
472.29999	398.75853
472.20001	393.45151
472.10001	397.53392
472	400.41706
471.89999	397.65868
471.79999	399.47388
471.70001	397.49029
471.60001	399.82516
471.5	394.75021
471.39999	400.96185
471.29999	403.97993
471.20001	401.83863
471.10001	398.95609
471	402.86288
470.89999	395.89903
470.79999	401.0753
470.70001	387.34442
470.60001	402.86884
470.5	397.70854
470.39999	399.28186
470.29999	397.85808
470.20001	397.49679
470.10001	400.68677
470	403.2777
469.89999	394.54859
469.79999	404.50847
469.70001	399.54171
469.60001	396.84114
469.5	391.05046
469.39999	401.39344
469.29999	402.96301
469.20001	400.7836
469.10001	395.64842
469	397.12197
468.89999	395.3698
468.79999	407.50876
468.70001	398.87276
468.60001	394.77262
468.5	395.86484
468.39999	398.04852
468.29999	405.3981
468.20001	405.23368
468.10001	398.82788
468	391.37331
467.89999	407.69222
467.79999	400.00072
467.70001	394.1569
467.60001	402.53723
467.5	395.43492
467.39999	401.78716
467.29999	408.35413
467.20001	397.35678
467.10001	409.93738
467	398.41196
466.89999	404.28555
466.79999	397.52552
466.70001	401.19681
466.60001	396.82102
466.5	404.35374
466.39999	406.34438
466.29999	414.50891
466.20001	396.44301
466.10001	403.39294
466	397.17403
465.89999	402.06513
465.79999	406.04436
465.70001	399.8059
465.60001	392.3853
465.5	396.78881
465.39999	412.22683
465.29999	398.29251
465.20001	411.11892
465.10001	404.1656
465	403.82141
464.89999	404.04853
464.79999	397.41492
464.70001	403.07409
464.60001	408.53405
464.5	405.97731
464.39999	401.5229
464.29999	393.86523
464.20001	403.02792
464.10001	411.63754
464	411.90127
463.89999	406.20008
463.79999	395.18738
463.70001	411.27208
463.60001	413.33085
463.5	415.57795
463.39999	412.49651
463.29999	411.05473
463.20001	406.80766
463.10001	402.86061
463	403.45955
462.89999	403.44921
462.79999	410.77417
462.70001	415.57655
462.60001	407.10014
462.5	403.66355
462.39999	410.06884
462.29999	410.28965
462.20001	407.85068
462.10001	411.31985
462	407.49958
461.89999	410.05015
461.79999	402.7482
461.70001	411.16333
461.60001	417.2942
461.5	422.18331
461.39999	406.68586
461.29999	400.28152
461.20001	415.03897
461.10001	406.1777
461	417.6318
460.89999	418.87707
460.79999	411.56965
460.70001	413.58981
460.60001	403.87321
460.5	415.59076
460.39999	412.1215
460.29999	408.30076
460.20001	417.07915
460.10001	406.40599
460	416.03744
459.89999	414.66329
459.79999	413.36998
459.70001	410.89016
459.60001	410.14922
459.5	407.82273
459.39999	418.49226
459.29999	420.8529
459.20001	424.23144
459.10001	407.62705
459	419.0127
458.89999	412.0191
458.79999	417.71707
458.70001	413.69441
458.60001	417.87431
458.5	416.87718
458.39999	418.84425
458.29999	410.88101
458.20001	404.18816
458.10001	415.87377
458	419.71162
457.89999	410.85646
457.79999	415.13616
457.70001	412.76637
457.60001	430.15444
457.5	421.90695
457.39999	423.97714
457.29999	410.39684
457.20001	409.95017
457.10001	426.61151
457	409.19799
456.89999	402.66448
456.79999	415.02136
456.70001	412.21395
456.60001	422.10844
456.5	426.10925
456.39999	409.3228
456.29999	419.45219
456.20001	419.69872
456.10001	420.47626
456	418.65942
455.89999	413.79905
455.79999	413.83493
455.70001	413.31881
455.60001	419.08589
455.5	408.08374
455.39999	424.06103
455.29999	415.35291
455.20001	415.07536
455.10001	425.57257
455	415.54457
454.89999	419.40826
454.79999	412.98413
454.70001	417.70223
454.60001	413.1245
454.5	420.24115
454.39999	418.1703
454.29999	416.26489
454.20001	413.26079
454.10001	422.7353
454	417.48264
453.89999	416.5701
453.79999	415.7806
453.70001	422.10105
453.60001	415.86331
453.5	419.67449
453.39999	431.48401
453.29999	429.01686
453.20001	412.65276
453.10001	425.66827
453	426.98863
452.89999	424.2067
452.79999	414.20379
452.70001	425.28558
452.60001	416.36872
452.5	424.196
452.39999	421.18317
452.29999	418.24049
452.20001	426.62215
452.10001	427.10268
452	418.05449
451.89999	422.59786
451.79999	427.47229
451.70001	425.52111
451.60001	432.63742
451.5	424.67517
451.39999	426.78791
451.29999	426.13012
451.20001	423.30167
451.10001	433.62781
451	428.69338
450.89999	439.56032
450.79999	431.40781
450.70001	425.28871
450.60001	440.51328
450.5	436.18762
450.39999	428.7411
450.29999	423.25681
450.20001	427.67751
450.10001	430.77627
450	444.0017
449.89999	435.58928
449.79999	437.05508
449.70001	444.97094
449.60001	438.12284
449.5	439.42058
449.39999	440.81184
449.29999	441.70585
449.20001	448.64491
449.10001	438.77622
449	443.57702
448.89999	441.11043
448.79999	444.39512
448.70001	449.99945
448.60001	429.9399
448.5	455.02988
448.39999	452.25295
448.29999	445.01761
448.20001	450.47811
448.10001	459.09724
448	449.77945
447.89999	453.32527
447.79999	459.01632
447.70001	451.09203
447.60001	457.24332
447.5	454.63279
447.39999	464.76069
447.29999	449.46384
447.20001	455.26525
447.10001	456.73484
447	457.35145
446.89999	460.87703
446.79999	459.48601
446.70001	458.28354
446.60001	460.51508
446.5	456.25469
446.39999	463.79706
446.29999	463.15837
446.20001	468.94199
446.10001	458.09647
446	461.63043
445.89999	461.27728
445.79999	474.16413
445.70001	457.85311
445.60001	462.28263
445.5	470.29957
445.39999	474.16157
445.29999	472.89181
445.20001	469.82419
445.10001	471.88675
445	472.07358
444.89999	469.76861
444.79999	479.27013
444.70001	481.28718
444.60001	473.10618
444.5	473.22705
444.39999	468.41079
444.29999	470.21282
444.20001	468.25829
444.10001	470.49662
444	477.90423
443.89999	481.04173
443.79999	476.56462
443.70001	471.88327
443.60001	471.634
443.5	475.31733
443.39999	480.23531
443.29999	475.1575
443.20001	472.57873
443.10001	474.12375
443	483.39656
442.89999	486.14186
442.79999	482.81315
442.70001	479.17899
442.60001	475.94184
442.5	485.36739
442.39999	487.48875
442.29999	485.5473
442.20001	482.55357
442.10001	492.16968
442	493.85467
441.89999	495.85542
441.79999	501.71375
441.70001	491.84418
441.60001	498.0984
441.5	495.89363
441.39999	499.02225
441.29999	504.84061
441.20001	510.22464
441.10001	504.5647
441	511.31344
440.89999	520.9161
440.79999	522.83746
440.70001	523.41044
440.60001	532.32276
440.5	521.63959
440.39999	538.05757
440.29999	542.54556
440.20001	549.42435
440.10001	543.74534
440	550.19438
439.89999	552.99991
439.79999	543.11752
439.70001	558.74002
439.60001	543.54155
439.5	561.92762
439.39999	568.26746
439.29999	576.68978
439.20001	586.47418
439.10001	581.02268
439	581.00343
438.89999	602.36275
438.79999	590.62946
438.70001	608.62732
438.60001	616.09811
438.5	614.52496
438.39999	618.28423
438.29999	627.7976
438.20001	626.28567
438.10001	631.50656
438	635.01036
437.89999	650.6139
437.79999	651.74538
437.70001	664.9189
437.60001	673.66391
437.5	673.73514
437.39999	686.28734
437.29999	682.87337
437.20001	705.75011
437.10001	702.5032
437	727.9551
436.89999	729.93445
436.79999	747.74408
436.70001	762.94529
436.60001	765.92869
436.5	780.98923
436.39999	792.40072
436.29999	791.66907
436.20001	803.29245
436.10001	812.98894
436	816.14304
435.89999	823.58074
435.79999	820.33336
435.70001	839.25849
435.60001	847.22406
435.5	835.85238
435.39999	859.92157
435.29999	848.35577
435.20001	853.79171
435.10001	867.50573
435	876.73396
434.89999	900.78151
434.79999	895.30438
434.70001	894.11509
434.60001	905.95549
434.5	901.98898
434.39999	930.06957
434.29999	924.81858
434.20001	940.88829
434.10001	952.56823
434	947.8541
433.89999	969.99246
433.79999	993.82913
433.70001	996.35625
433.60001	1011.9662
433.5	1010.4659
433.39999	981.96375
433.29999	948.46624
433.20001	901.7455
433.10001	824.1899
433	763.82893
432.89999	673.47854
432.79999	602.32389
432.70001	553.00725
432.60001	517.28886
432.5	478.54781
432.39999	461.83532
432.29999	432.00883
432.20001	420.98859
432.10001	411.63772
432	407.91062
431.89999	398.67669
431.79999	398.07749
431.70001	387.95409
431.60001	393.1604
431.5	381.75997
431.39999	375.77599
431.29999	381.57782
431.20001	378.22068
431.10001	370.08366
431	381.19826
430.89999	364.87678
430.79999	364.07205
430.70001	368.86901
430.60001	367.52942
430.5	358.09633
430.39999	367.31553
430.29999	365.74861
430.20001	366.61997
430.10001	372.29258
430	365.27574
429.89999	365.52161
429.79999	374.32176
429.70001	363.07225
429.60001	369.35422
429.5	372.06599
429.39999	377.14323
429.29999	374.03297
429.20001	368.10583
429.10001	377.89613
429	370.94244
428.89999	381.48758
428.79999	382.1336
428.70001	384.87351
428.60001	385.02556
428.5	380.75721
428.39999	390.3414
428.29999	396.36287
428.20001	383.54215
428.10001	404.09821
428	404.05422
427.89999	397.7952
427.79999	406.67108
427.70001	405.62394
427.60001	410.89711
427.5	414.91568
427.39999	425.12706
427.29999	419.24801
427.20001	429.81589
427.10001	429.45236
427	429.79732
426.89999	441.92806
426.79999	448.32584
426.70001	449.74127
426.60001	453.8855
426.5	452.4529
426.39999	475.20185
426.29999	470.13128
426.20001	491.44149
426.10001	484.5542
426	497.17793
425.89999	498.38093
425.79999	496.74782
425.70001	510.80281
425.60001	524.00297
425.5	535.41404
425.39999	538.31947
425.29999	555.01682
425.20001	566.83183
425.10001	576.88743
425	593.31357
424.89999	614.12692
424.79999	620.92358
424.70001	637.8352
424.60001	667.51707
424.5	664.29335
424.39999	679.28749
424.29999	697.45809
424.20001	713.74059
424.10001	731.17089
424	744.95256
423.89999	763.99869
423.79999	795.42661
423.70001	798.80112
423.60001	821.88308
423.5	842.72236
423.39999	852.57071
423.29999	865.33922
423.20001	883.36891
423.10001	883.8163
423	881.64026
422.89999	889.43017
422.79999	901.60912
422.70001	902.83948
422.60001	912.20468
422.5	887.54851
422.39999	924.34013
422.29999	918.50644
422.20001	927.23799
422.10001	926.1387
422	926.10705
421.89999	919.81667
421.79999	912.1325
421.70001	908.04577
421.60001	897.22002
421.5	896.01541
421.39999	892.50028
421.29999	900.08867
421.20001	903.14341
421.10001	906.21448
421	954.36788
420.89999	977.60749
420.79999	1037.1282
420.70001	1088.1193
420.60001	1153.6074
420.5	1195.57
420.39999	1180.5376
420.29999	1099.717
420.20001	947.63559
420.10001	768.47792
420	597.33915
419.89999	446.05669
419.79999	327.61312
419.70001	251.54209
419.60001	201.99561
419.5	164.1546
419.39999	143.58388
419.29999	133.35583
419.20001	125.78627
419.10001	116.62098
419	111.73451
418.89999	100.43268
418.79999	99.328071
418.70001	97.504288
418.60001	95.082156
418.5	93.2668
418.39999	88.730074
418.29999	87.916687
418.20001	90.269603
418.10001	87.464221
418	93.971506
417.89999	85.82665
417.79999	87.231971
417.70001	90.509705
417.60001	88.534959
417.5	86.817138
417.39999	88.447839
417.29999	85.281409
417.20001	84.665217
417.10001	84.045023
417	87.460369
416.89999	82.131207
416.79999	83.043963
416.70001	82.674019
416.60001	83.0964
416.5	80.657266
416.39999	82.367182
416.29999	81.326887
416.20001	81.375539
416.10001	80.581583
416	78.796737
415.89999	78.359589
415.79999	79.591557
415.70001	75.981647
415.60001	80.88211
415.5	74.243829
415.39999	74.144222
415.29999	72.69603
415.20001	75.215273
415.10001	71.054801
415	73.844709
414.89999	65.330692
414.79999	68.554774
414.70001	74.281946
414.60001	70.379607
414.5	67.49817
414.39999	66.052139
414.29999	66.838995
414.20001	69.146909
414.10001	64.242095
414	64.067185
413.89999	64.33554
413.79999	62.245075
413.70001	65.804236
413.60001	60.159203
413.5	65.487042
413.39999	63.430779
413.29999	61.360776
413.20001	61.162651
413.10001	59.502747
413	61.158836
412.89999	60.329597
412.79999	61.336398
412.70001	58.653452
412.60001	54.975316
412.5	60.60183
412.39999	57.053603
412.29999	57.771865
412.20001	57.260312
412.10001	57.41455
412	55.621892
411.89999	56.171585
411.79999	55.383168
411.70001	59.747115
411.60001	58.22023
411.5	60.112935
411.39999	58.765236
411.29999	56.685597
411.20001	57.616372
411.10001	56.455996
411	55.791691
410.89999	53.828876
410.79999	58.056787
410.70001	57.028677
410.60001	58.257639
410.5	54.392375
410.39999	55.785749
410.29999	56.264654
410.20001	55.219628
410.10001	58.341131
410	56.690797